{
 "cells": [
  {
   "cell_type": "markdown",
   "metadata": {},
   "source": [
    "## Time domain simulations of two cavity modes coupled to a single mechanical mode "
   ]
  },
  {
   "cell_type": "code",
   "execution_count": 46,
   "metadata": {},
   "outputs": [],
   "source": [
    "%matplotlib inline\n",
    "import matplotlib.image as mpimg\n",
    "import matplotlib.pyplot as plt\n",
    "from matplotlib.ticker import AutoMinorLocator\n",
    "from numpy import *\n",
    "from qutip import *\n",
    "from IPython.display import Image\n",
    "from numpy.linalg import *\n",
    "import multiprocessing  \n",
    "from multiprocessing import Pool, cpu_count\n",
    "import scipy.constants as sc\n",
    "import time\n",
    "import datetime\n",
    "import os\n",
    "from matplotlib import cm\n",
    "import matplotlib as mpl\n",
    "plt.rcParams.update({\n",
    "    \"text.usetex\": True,\n",
    "    \"font.family\": \"serif\",\n",
    "    \"font.serif\": [\"Computer Modern Roman\"],\n",
    "})\n",
    "plt.rcParams['axes.linewidth'] = 1.5 #set the value globally\n",
    "plt.rcParams['figure.dpi'] = 100\n",
    "\n",
    "saveResults = True"
   ]
  },
  {
   "cell_type": "markdown",
   "metadata": {},
   "source": [
    "### Single processor test script"
   ]
  },
  {
   "cell_type": "code",
   "execution_count": 60,
   "metadata": {},
   "outputs": [
    {
     "data": {
      "text/plain": [
       "(0.0, 0.0, 0.008304373364239451)"
      ]
     },
     "execution_count": 60,
     "metadata": {},
     "output_type": "execute_result"
    }
   ],
   "source": [
    "N = 3\n",
    "\n",
    "##### Cavity A ######\n",
    "\n",
    "wa = 2 * pi * 4.0 * 1e9\n",
    "\n",
    "\n",
    "E_a = 2 * pi * 80 * 1e3    \n",
    "\n",
    "kappa_a = 2 * pi * 100 * 1e3  \n",
    "\n",
    "T_a = 0\n",
    "w_th_a = (sc.k*T_a)/(sc.hbar)\n",
    "n_th_a = n_thermal(wa, w_th_a)\n",
    "\n",
    "###### Cavity B #####\n",
    "\n",
    "wb = 2 * pi * 4.1 * 1e9\n",
    "\n",
    "\n",
    "E_b = 2 * pi * 80 * 1e3   \n",
    "\n",
    "kappa_b = 2 * pi * 100 * 1e3\n",
    "\n",
    "T_b = 0\n",
    "w_th_b = (sc.k*T_b)/(sc.hbar)\n",
    "n_th_b = n_thermal(wb, w_th_b)\n",
    "\n",
    "\n",
    "##### Qubit #####\n",
    "\n",
    "#wq = 2 * pi * 3.0 * 1e9\n",
    "\n",
    "#Ga = 2 * pi * 200 * 1e6\n",
    "#Gb = 2 * pi * 100 * 1e6\n",
    "\n",
    "#kappa_q = 2 * pi * 100 * 1e3\n",
    "\n",
    "#T_q = 0.09\n",
    "#w_th_q = (sc.k*T_q)/(sc.hbar)\n",
    "#n_th_q = n_thermal(wq, w_th_q)\n",
    "\n",
    "##### Mechanical Resonator #####\n",
    "\n",
    "wr = 2 * pi * 1.0 * 1e9\n",
    "\n",
    "ga = 2 * pi * 15 * 1e6\n",
    "gb = 2 * pi * 15 * 1e6\n",
    "\n",
    "etaA = ((ga**2)/wr)\n",
    "etaB = ((gb**2)/wr)\n",
    "etaAB = ((gb*ga)/wr)\n",
    "\n",
    "Ohm_a = wa - etaA \n",
    "Ohm_b = wb - etaB\n",
    "\n",
    "gamma = 10 * kappa_a  \n",
    "\n",
    "T_r = 0.01\n",
    "w_th_r = (sc.k*T_r)/(sc.hbar)\n",
    "n_th_r = n_thermal(wr, w_th_r)\n",
    "\n",
    "\n",
    "############################\n",
    "(n_th_a, n_th_b, n_th_r)"
   ]
  },
  {
   "cell_type": "code",
   "execution_count": 61,
   "metadata": {},
   "outputs": [],
   "source": [
    "# Operator definitions\n",
    "a = tensor(destroy(N), qeye(N), qeye(N))\n",
    "b = tensor(qeye(N), destroy(N), qeye(N))\n",
    "r = tensor(qeye(N), qeye(N), destroy(N))\n",
    "#sm = tensor(qeye(N), qeye(N), destroy(2), qeye(N))\n",
    "#sz = tensor(qeye(N), qeye(N), sigmaz(), qeye(N))\n",
    "#sx = tensor(qeye(N), qeye(N), sigmax(), qeye(N))\n",
    "I = tensor(qeye(N), qeye(N), qeye(N))\n",
    "\n",
    "Na = a.dag() * a\n",
    "Nb = b.dag() * b\n",
    "#Nq = sm.dag() * sm\n",
    "Nr = r.dag() * r\n",
    "Xa = a.dag() + a\n",
    "Xb = b.dag() + b\n",
    "#Xq = sm.dag() + sm\n",
    "Xr = r.dag() + r"
   ]
  },
  {
   "cell_type": "code",
   "execution_count": 62,
   "metadata": {},
   "outputs": [
    {
     "data": {
      "text/plain": [
       "(225.0, 225.0, 225.0)"
      ]
     },
     "execution_count": 62,
     "metadata": {},
     "output_type": "execute_result"
    }
   ],
   "source": [
    "etaA = ((ga**2)/wr)\n",
    "etaB = ((gb**2)/wr)\n",
    "etaAB = ((gb*ga)/wr)\n",
    "etaA/(2*pi*1e3),etaB/(2*pi*1e3),etaAB/(2*pi*1e3)"
   ]
  },
  {
   "cell_type": "code",
   "execution_count": 63,
   "metadata": {},
   "outputs": [
    {
     "data": {
      "text/plain": [
       "(9.999999999999999e-06, 9.999999999999999e-06)"
      ]
     },
     "execution_count": 63,
     "metadata": {},
     "output_type": "execute_result"
    }
   ],
   "source": [
    "tau_a = (kappa_a/(2*pi))**-1\n",
    "tau_b = (kappa_b/(2*pi))**-1\n",
    "tau_a, tau_b"
   ]
  },
  {
   "cell_type": "code",
   "execution_count": 64,
   "metadata": {},
   "outputs": [],
   "source": [
    "t0 = 0\n",
    "t1 = 5 * tau_a\n",
    "#t2 = 5 * tau_a + 5 * tau_b\n",
    "tf = 5 * tau_a + 5 * tau_b\n",
    "\n",
    "tlist = linspace(t0,tf,200)"
   ]
  },
  {
   "cell_type": "code",
   "execution_count": 65,
   "metadata": {},
   "outputs": [],
   "source": [
    "Ha = (wa-Ohm_a) * Na\n",
    "Hb = (wb-Ohm_b) * Nb\n",
    "Hr = wr * Nr\n",
    "Hint_a = -ga * Na * Xr\n",
    "Hint_b = -gb * Nb * Xr\n",
    "Hdrive_a = E_a * Xa\n",
    "Hdrive_b = Xb\n",
    "#Hq = 0.5 * (wq) * sz\n",
    "#Hqa = Ga * (a * sm.dag() + a.dag() * sm)\n",
    "#Hqb = Gb * (b * sm.dag() + b.dag() * sm)\n",
    "#Hqa = (Ga**2/(wq-wa)) * Na * sz \n",
    "#Hqb = (Gb**2/(wq-wb)) * Nb * sz \n",
    "\n",
    "def Hdrive_b_coeff(t, args):\n",
    "    return E_b * (1-heaviside(t-t1,1))\n",
    "\n",
    "H0 = Ha + Hb + Hr + Hint_a + Hint_b + Hdrive_a #+ Hdrive_b #+ Hq + Hqa + Hqb\n",
    "\n",
    "H = [H0,[Hdrive_b,Hdrive_b_coeff]]\n",
    "\n"
   ]
  },
  {
   "cell_type": "code",
   "execution_count": 66,
   "metadata": {},
   "outputs": [],
   "source": [
    "# collapse operators\n",
    "c_ops = []\n",
    "\n",
    "# Relaxations, temperature = 0 or >0\n",
    "\n",
    "# cavity-a relaxation\n",
    "rate = kappa_a * (1 + n_th_a)\n",
    "if rate > 0.0:\n",
    "    c_ops.append(sqrt(rate) * a)\n",
    "    \n",
    "# cavity-b relaxation\n",
    "rate = kappa_b * (1 + n_th_b)\n",
    "if rate > 0.0:\n",
    "    c_ops.append(sqrt(rate) * b)\n",
    "    \n",
    "# mechanical oscillator relaxation\n",
    "rate = gamma * (1 + n_th_r)\n",
    "if rate > 0.0:\n",
    "    c_ops.append(sqrt(rate) * r)\n",
    "    \n",
    "# Excitations, only temperature > 0  \n",
    "\n",
    "rate = kappa_a * n_th_a\n",
    "if rate > 0.0:\n",
    "    c_ops.append(sqrt(rate) * a.dag())\n",
    "\n",
    "rate = kappa_b * n_th_b\n",
    "if rate > 0.0:\n",
    "    c_ops.append(sqrt(rate) * b.dag())\n",
    "\n",
    "# mechanical oscillator excitation    \n",
    "rate = gamma * n_th_r\n",
    "if rate > 0.0:\n",
    "    c_ops.append(sqrt(rate) * r.dag())"
   ]
  },
  {
   "cell_type": "code",
   "execution_count": 67,
   "metadata": {},
   "outputs": [
    {
     "data": {
      "text/latex": [
       "Quantum object: dims = [[3, 3, 3], [3, 3, 3]], shape = (27, 27), type = oper, isherm = True\n",
       " $$\\begin{pmatrix}1.0 & 0.0 & 0.0 & 0.0 & 0.0 & \\cdots & 0.0 & 0.0 & 0.0 & 0.0 & 0.0 \\newline 0.0 & 0.0 & 0.0 & 0.0 & 0.0 & \\cdots & 0.0 & 0.0 & 0.0 & 0.0 & 0.0 \\newline 0.0 & 0.0 & 0.0 & 0.0 & 0.0 & \\cdots & 0.0 & 0.0 & 0.0 & 0.0 & 0.0 \\newline 0.0 & 0.0 & 0.0 & 0.0 & 0.0 & \\cdots & 0.0 & 0.0 & 0.0 & 0.0 & 0.0 \\newline 0.0 & 0.0 & 0.0 & 0.0 & 0.0 & \\cdots & 0.0 & 0.0 & 0.0 & 0.0 & 0.0 \\newline \\vdots & \\vdots & \\vdots & \\vdots & \\vdots & \\ddots & \\vdots & \\vdots & \\vdots & \\vdots & \\vdots \\newline 0.0 & 0.0 & 0.0 & 0.0 & 0.0 & \\cdots & 0.0 & 0.0 & 0.0 & 0.0 & 0.0 \\newline 0.0 & 0.0 & 0.0 & 0.0 & 0.0 & \\cdots & 0.0 & 0.0 & 0.0 & 0.0 & 0.0 \\newline 0.0 & 0.0 & 0.0 & 0.0 & 0.0 & \\cdots & 0.0 & 0.0 & 0.0 & 0.0 & 0.0 \\newline 0.0 & 0.0 & 0.0 & 0.0 & 0.0 & \\cdots & 0.0 & 0.0 & 0.0 & 0.0 & 0.0 \\newline 0.0 & 0.0 & 0.0 & 0.0 & 0.0 & \\cdots & 0.0 & 0.0 & 0.0 & 0.0 & 0.0 \\newline  \\end{pmatrix}$$"
      ],
      "text/plain": [
       "Quantum object: dims = [[3, 3, 3], [3, 3, 3]], shape = (27, 27), type = oper, isherm = True\n",
       "Qobj data =\n",
       "[[1. 0. 0. 0. 0. 0. 0. 0. 0. 0. 0. 0. 0. 0. 0. 0. 0. 0. 0. 0. 0. 0. 0. 0.\n",
       "  0. 0. 0.]\n",
       " [0. 0. 0. 0. 0. 0. 0. 0. 0. 0. 0. 0. 0. 0. 0. 0. 0. 0. 0. 0. 0. 0. 0. 0.\n",
       "  0. 0. 0.]\n",
       " [0. 0. 0. 0. 0. 0. 0. 0. 0. 0. 0. 0. 0. 0. 0. 0. 0. 0. 0. 0. 0. 0. 0. 0.\n",
       "  0. 0. 0.]\n",
       " [0. 0. 0. 0. 0. 0. 0. 0. 0. 0. 0. 0. 0. 0. 0. 0. 0. 0. 0. 0. 0. 0. 0. 0.\n",
       "  0. 0. 0.]\n",
       " [0. 0. 0. 0. 0. 0. 0. 0. 0. 0. 0. 0. 0. 0. 0. 0. 0. 0. 0. 0. 0. 0. 0. 0.\n",
       "  0. 0. 0.]\n",
       " [0. 0. 0. 0. 0. 0. 0. 0. 0. 0. 0. 0. 0. 0. 0. 0. 0. 0. 0. 0. 0. 0. 0. 0.\n",
       "  0. 0. 0.]\n",
       " [0. 0. 0. 0. 0. 0. 0. 0. 0. 0. 0. 0. 0. 0. 0. 0. 0. 0. 0. 0. 0. 0. 0. 0.\n",
       "  0. 0. 0.]\n",
       " [0. 0. 0. 0. 0. 0. 0. 0. 0. 0. 0. 0. 0. 0. 0. 0. 0. 0. 0. 0. 0. 0. 0. 0.\n",
       "  0. 0. 0.]\n",
       " [0. 0. 0. 0. 0. 0. 0. 0. 0. 0. 0. 0. 0. 0. 0. 0. 0. 0. 0. 0. 0. 0. 0. 0.\n",
       "  0. 0. 0.]\n",
       " [0. 0. 0. 0. 0. 0. 0. 0. 0. 0. 0. 0. 0. 0. 0. 0. 0. 0. 0. 0. 0. 0. 0. 0.\n",
       "  0. 0. 0.]\n",
       " [0. 0. 0. 0. 0. 0. 0. 0. 0. 0. 0. 0. 0. 0. 0. 0. 0. 0. 0. 0. 0. 0. 0. 0.\n",
       "  0. 0. 0.]\n",
       " [0. 0. 0. 0. 0. 0. 0. 0. 0. 0. 0. 0. 0. 0. 0. 0. 0. 0. 0. 0. 0. 0. 0. 0.\n",
       "  0. 0. 0.]\n",
       " [0. 0. 0. 0. 0. 0. 0. 0. 0. 0. 0. 0. 0. 0. 0. 0. 0. 0. 0. 0. 0. 0. 0. 0.\n",
       "  0. 0. 0.]\n",
       " [0. 0. 0. 0. 0. 0. 0. 0. 0. 0. 0. 0. 0. 0. 0. 0. 0. 0. 0. 0. 0. 0. 0. 0.\n",
       "  0. 0. 0.]\n",
       " [0. 0. 0. 0. 0. 0. 0. 0. 0. 0. 0. 0. 0. 0. 0. 0. 0. 0. 0. 0. 0. 0. 0. 0.\n",
       "  0. 0. 0.]\n",
       " [0. 0. 0. 0. 0. 0. 0. 0. 0. 0. 0. 0. 0. 0. 0. 0. 0. 0. 0. 0. 0. 0. 0. 0.\n",
       "  0. 0. 0.]\n",
       " [0. 0. 0. 0. 0. 0. 0. 0. 0. 0. 0. 0. 0. 0. 0. 0. 0. 0. 0. 0. 0. 0. 0. 0.\n",
       "  0. 0. 0.]\n",
       " [0. 0. 0. 0. 0. 0. 0. 0. 0. 0. 0. 0. 0. 0. 0. 0. 0. 0. 0. 0. 0. 0. 0. 0.\n",
       "  0. 0. 0.]\n",
       " [0. 0. 0. 0. 0. 0. 0. 0. 0. 0. 0. 0. 0. 0. 0. 0. 0. 0. 0. 0. 0. 0. 0. 0.\n",
       "  0. 0. 0.]\n",
       " [0. 0. 0. 0. 0. 0. 0. 0. 0. 0. 0. 0. 0. 0. 0. 0. 0. 0. 0. 0. 0. 0. 0. 0.\n",
       "  0. 0. 0.]\n",
       " [0. 0. 0. 0. 0. 0. 0. 0. 0. 0. 0. 0. 0. 0. 0. 0. 0. 0. 0. 0. 0. 0. 0. 0.\n",
       "  0. 0. 0.]\n",
       " [0. 0. 0. 0. 0. 0. 0. 0. 0. 0. 0. 0. 0. 0. 0. 0. 0. 0. 0. 0. 0. 0. 0. 0.\n",
       "  0. 0. 0.]\n",
       " [0. 0. 0. 0. 0. 0. 0. 0. 0. 0. 0. 0. 0. 0. 0. 0. 0. 0. 0. 0. 0. 0. 0. 0.\n",
       "  0. 0. 0.]\n",
       " [0. 0. 0. 0. 0. 0. 0. 0. 0. 0. 0. 0. 0. 0. 0. 0. 0. 0. 0. 0. 0. 0. 0. 0.\n",
       "  0. 0. 0.]\n",
       " [0. 0. 0. 0. 0. 0. 0. 0. 0. 0. 0. 0. 0. 0. 0. 0. 0. 0. 0. 0. 0. 0. 0. 0.\n",
       "  0. 0. 0.]\n",
       " [0. 0. 0. 0. 0. 0. 0. 0. 0. 0. 0. 0. 0. 0. 0. 0. 0. 0. 0. 0. 0. 0. 0. 0.\n",
       "  0. 0. 0.]\n",
       " [0. 0. 0. 0. 0. 0. 0. 0. 0. 0. 0. 0. 0. 0. 0. 0. 0. 0. 0. 0. 0. 0. 0. 0.\n",
       "  0. 0. 0.]]"
      ]
     },
     "execution_count": 67,
     "metadata": {},
     "output_type": "execute_result"
    }
   ],
   "source": [
    "rho0 = tensor(coherent_dm(N,0),coherent_dm(N,0),coherent_dm(N,0))\n",
    "rho0"
   ]
  },
  {
   "cell_type": "code",
   "execution_count": 68,
   "metadata": {},
   "outputs": [],
   "source": [
    "sol = mesolve(H,rho0,tlist,c_ops,[],options=Odeoptions(nsteps=1e6))"
   ]
  },
  {
   "cell_type": "code",
   "execution_count": 70,
   "metadata": {},
   "outputs": [],
   "source": [
    "rho_ss_f = sol.states[-1]"
   ]
  },
  {
   "cell_type": "code",
   "execution_count": 71,
   "metadata": {},
   "outputs": [],
   "source": [
    "rho_ss_1 = sol.states[98]"
   ]
  },
  {
   "cell_type": "code",
   "execution_count": 72,
   "metadata": {},
   "outputs": [],
   "source": [
    "rhoA = ptrace(rho_ss_1,(0))\n",
    "rhoB = ptrace(rho_ss_1,(1))\n",
    "rhoR = ptrace(rho_ss_1,(2))\n",
    "\n",
    "rhoA_f = ptrace(rho_ss_f,(0))\n",
    "rhoB_f = ptrace(rho_ss_f,(1))\n",
    "rhoR_f = ptrace(rho_ss_f,(2))"
   ]
  },
  {
   "cell_type": "code",
   "execution_count": 73,
   "metadata": {},
   "outputs": [],
   "source": [
    "chi_matrix_1 = rho_ss_1 - tensor(rhoA, rhoB, rhoR)\n",
    "chi_matrix_f = rho_ss_f - tensor(rhoA_f, rhoB_f, rhoR_f)"
   ]
  },
  {
   "cell_type": "code",
   "execution_count": 74,
   "metadata": {},
   "outputs": [
    {
     "data": {
      "text/latex": [
       "Quantum object: dims = [[3, 3, 3], [3, 3, 3]], shape = (27, 27), type = oper, isherm = True\n",
       " $$\\begin{pmatrix}-0.046 & (-0.004+2.551\\times10^{-06}j) & (-5.466\\times10^{-05}+4.685\\times10^{-08}j) & (-0.019+0.027j) & (7.046\\times10^{-04}+0.001j) & \\cdots & (1.737\\times10^{-05}+1.642\\times10^{-04}j) & (1.632\\times10^{-07}+6.811\\times10^{-06}j) & (9.645\\times10^{-04}-7.499\\times10^{-04}j) & (4.065\\times10^{-06}+1.635\\times10^{-05}j) & (-8.583\\times10^{-08}+9.879\\times10^{-07}j) \\newline (-0.004-2.551\\times10^{-06}j) & -4.557\\times10^{-04} & (-5.260\\times10^{-05}+3.026\\times10^{-08}j) & (-0.001-9.788\\times10^{-04}j) & (-1.824\\times10^{-04}+2.100\\times10^{-04}j) & \\cdots & (1.924\\times10^{-05}-3.828\\times10^{-05}j) & (1.597\\times10^{-07}+1.857\\times10^{-06}j) & (8.672\\times10^{-06}-1.004\\times10^{-05}j) & (8.030\\times10^{-06}-6.401\\times10^{-06}j) & (4.318\\times10^{-08}+1.836\\times10^{-07}j) \\newline (-5.466\\times10^{-05}-4.685\\times10^{-08}j) & (-5.260\\times10^{-05}-3.026\\times10^{-08}j) & -4.682\\times10^{-06} & (-1.503\\times10^{-05}-1.189\\times10^{-05}j) & (-1.457\\times10^{-05}-1.168\\times10^{-05}j) & \\cdots & (2.486\\times10^{-07}-9.733\\times10^{-07}j) & (6.592\\times10^{-08}-7.017\\times10^{-07}j) & (1.068\\times10^{-07}-1.215\\times10^{-07}j) & (1.031\\times10^{-07}-1.170\\times10^{-07}j) & (6.904\\times10^{-08}-8.357\\times10^{-08}j) \\newline (-0.019-0.027j) & (-0.001+9.788\\times10^{-04}j) & (-1.503\\times10^{-05}+1.189\\times10^{-05}j) & 0.043 & (0.002-1.068\\times10^{-06}j) & \\cdots & (3.279\\times10^{-04}+4.366\\times10^{-05}j) & (1.107\\times10^{-05}+2.850\\times10^{-06}j) & (1.737\\times10^{-04}-0.002j) & (3.447\\times10^{-05}-8.478\\times10^{-07}j) & (1.574\\times10^{-06}+4.680\\times10^{-07}j) \\newline (7.046\\times10^{-04}-0.001j) & (-1.824\\times10^{-04}-2.100\\times10^{-04}j) & (-1.457\\times10^{-05}+1.168\\times10^{-05}j) & (0.002+1.068\\times10^{-06}j) & 3.786\\times10^{-04} & \\cdots & (3.606\\times10^{-05}-5.218\\times10^{-05}j) & (3.929\\times10^{-06}+6.136\\times10^{-07}j) & (5.426\\times10^{-06}-1.299\\times10^{-05}j) & (1.851\\times10^{-06}-1.452\\times10^{-05}j) & (4.173\\times10^{-07}+5.738\\times10^{-09}j) \\newline \\vdots & \\vdots & \\vdots & \\vdots & \\vdots & \\ddots & \\vdots & \\vdots & \\vdots & \\vdots & \\vdots \\newline (1.737\\times10^{-05}-1.642\\times10^{-04}j) & (1.924\\times10^{-05}+3.828\\times10^{-05}j) & (2.486\\times10^{-07}+9.733\\times10^{-07}j) & (3.279\\times10^{-04}-4.366\\times10^{-05}j) & (3.606\\times10^{-05}+5.218\\times10^{-05}j) & \\cdots & -2.143\\times10^{-05} & (-8.223\\times10^{-08}+1.348\\times10^{-11}j) & (-3.764\\times10^{-06}-9.330\\times10^{-07}j) & (-4.780\\times10^{-06}-9.979\\times10^{-07}j) & (-3.500\\times10^{-08}-9.274\\times10^{-09}j) \\newline (1.632\\times10^{-07}-6.811\\times10^{-06}j) & (1.597\\times10^{-07}-1.857\\times10^{-06}j) & (6.592\\times10^{-08}+7.017\\times10^{-07}j) & (1.107\\times10^{-05}-2.850\\times10^{-06}j) & (3.929\\times10^{-06}-6.136\\times10^{-07}j) & \\cdots & (-8.223\\times10^{-08}-1.348\\times10^{-11}j) & -1.519\\times10^{-07} & (-2.197\\times10^{-08}-1.055\\times10^{-08}j) & (-4.118\\times10^{-08}-1.011\\times10^{-08}j) & (-4.314\\times10^{-08}-6.111\\times10^{-09}j) \\newline (9.645\\times10^{-04}+7.499\\times10^{-04}j) & (8.672\\times10^{-06}+1.004\\times10^{-05}j) & (1.068\\times10^{-07}+1.215\\times10^{-07}j) & (1.737\\times10^{-04}+0.002j) & (5.426\\times10^{-06}+1.299\\times10^{-05}j) & \\cdots & (-3.764\\times10^{-06}+9.330\\times10^{-07}j) & (-2.197\\times10^{-08}+1.055\\times10^{-08}j) & -1.375\\times10^{-04} & (-1.016\\times10^{-06}-1.464\\times10^{-09}j) & (-5.382\\times10^{-09}+2.324\\times10^{-08}j) \\newline (4.065\\times10^{-06}-1.635\\times10^{-05}j) & (8.030\\times10^{-06}+6.401\\times10^{-06}j) & (1.031\\times10^{-07}+1.170\\times10^{-07}j) & (3.447\\times10^{-05}+8.478\\times10^{-07}j) & (1.851\\times10^{-06}+1.452\\times10^{-05}j) & \\cdots & (-4.780\\times10^{-06}+9.979\\times10^{-07}j) & (-4.118\\times10^{-08}+1.011\\times10^{-08}j) & (-1.016\\times10^{-06}+1.464\\times10^{-09}j) & -1.140\\times10^{-06} & (-1.113\\times10^{-08}+1.404\\times10^{-09}j) \\newline (-8.583\\times10^{-08}-9.879\\times10^{-07}j) & (4.318\\times10^{-08}-1.836\\times10^{-07}j) & (6.904\\times10^{-08}+8.357\\times10^{-08}j) & (1.574\\times10^{-06}-4.680\\times10^{-07}j) & (4.173\\times10^{-07}-5.738\\times10^{-09}j) & \\cdots & (-3.500\\times10^{-08}+9.274\\times10^{-09}j) & (-4.314\\times10^{-08}+6.111\\times10^{-09}j) & (-5.382\\times10^{-09}-2.324\\times10^{-08}j) & (-1.113\\times10^{-08}-1.404\\times10^{-09}j) & -9.014\\times10^{-09} \\newline  \\end{pmatrix}$$"
      ],
      "text/plain": [
       "Quantum object: dims = [[3, 3, 3], [3, 3, 3]], shape = (27, 27), type = oper, isherm = True\n",
       "Qobj data =\n",
       "[[-4.61211909e-02+0.00000000e+00j -4.41926436e-03+2.55107072e-06j\n",
       "  -5.46576877e-05+4.68498794e-08j -1.87194065e-02+2.71426573e-02j\n",
       "   7.04633486e-04+1.18419822e-03j  5.33781042e-06+1.08630606e-05j\n",
       "  -3.87402968e-03+6.91402859e-03j  1.44155391e-04+7.81154574e-04j\n",
       "   3.94708514e-06+1.84995066e-05j -1.87194065e-02+2.71426573e-02j\n",
       "   7.04633486e-04+1.18419822e-03j  5.33781042e-06+1.08630606e-05j\n",
       "  -3.25222155e-03-1.78391819e-02j  2.32962243e-04+8.49029354e-04j\n",
       "   6.07178069e-06+2.26731135e-05j  2.38062547e-03-4.40488377e-03j\n",
       "   1.73667776e-05+1.64195119e-04j  1.63155598e-07+6.81135456e-06j\n",
       "  -3.87402968e-03+6.91402859e-03j  1.44155391e-04+7.81154574e-04j\n",
       "   3.94708514e-06+1.84995066e-05j  2.38062547e-03-4.40488377e-03j\n",
       "   1.73667776e-05+1.64195119e-04j  1.63155598e-07+6.81135456e-06j\n",
       "   9.64509548e-04-7.49947502e-04j  4.06483352e-06+1.63455211e-05j\n",
       "  -8.58330458e-08+9.87857614e-07j]\n",
       " [-4.41926436e-03-2.55107072e-06j -4.55678475e-04+0.00000000e+00j\n",
       "  -5.25993828e-05+3.02611899e-08j -1.23166445e-03-9.78765739e-04j\n",
       "  -1.82409723e-04+2.09953438e-04j  7.78331438e-06+1.36409760e-05j\n",
       "  -1.01075277e-04-2.27295698e-04j -3.73875019e-05+5.19103301e-05j\n",
       "   1.49872710e-06+8.99527086e-06j -1.23166445e-03-9.78765739e-04j\n",
       "  -1.82409723e-04+2.09953438e-04j  7.78331438e-06+1.36409760e-05j\n",
       "  -1.28619681e-04-5.39871638e-04j -3.39709497e-05-1.58022707e-04j\n",
       "   2.47432819e-06+9.69498719e-06j  2.03760964e-05-8.38162036e-05j\n",
       "   1.92402680e-05-3.82810947e-05j  1.59727318e-07+1.85733139e-06j\n",
       "  -1.01075277e-04-2.27295698e-04j -3.73875019e-05+5.19103301e-05j\n",
       "   1.49872710e-06+8.99527086e-06j  2.03760964e-05-8.38162036e-05j\n",
       "   1.92402680e-05-3.82810947e-05j  1.59727318e-07+1.85733139e-06j\n",
       "   8.67249683e-06-1.00409613e-05j  8.02999966e-06-6.40078526e-06j\n",
       "   4.31767790e-08+1.83615816e-07j]\n",
       " [-5.46576877e-05-4.68498794e-08j -5.25993828e-05-3.02611899e-08j\n",
       "  -4.68230914e-06+0.00000000e+00j -1.50311766e-05-1.18879894e-05j\n",
       "  -1.45741362e-05-1.16796276e-05j -5.53788448e-06+3.20659071e-06j\n",
       "  -1.22581672e-06-2.70911663e-06j -1.13299459e-06-2.65487755e-06j\n",
       "  -1.96398922e-06-7.46116472e-07j -1.50311766e-05-1.18879894e-05j\n",
       "  -1.45741362e-05-1.16796276e-05j -5.53788448e-06+3.20659071e-06j\n",
       "  -1.55389026e-06-6.53641567e-06j -1.43257674e-06-6.35719385e-06j\n",
       "  -2.60093892e-06-2.93217593e-06j  2.51596636e-07-1.01171569e-06j\n",
       "   2.48592642e-07-9.73330139e-07j  6.59199692e-08-7.01665688e-07j\n",
       "  -1.22581672e-06-2.70911663e-06j -1.13299459e-06-2.65487755e-06j\n",
       "  -1.96398922e-06-7.46116472e-07j  2.51596636e-07-1.01171569e-06j\n",
       "   2.48592642e-07-9.73330139e-07j  6.59199692e-08-7.01665688e-07j\n",
       "   1.06780519e-07-1.21508073e-07j  1.03082588e-07-1.16969248e-07j\n",
       "   6.90441522e-08-8.35681558e-08j]\n",
       " [-1.87194065e-02-2.71426573e-02j -1.23166445e-03+9.78765739e-04j\n",
       "  -1.50311766e-05+1.18879894e-05j  4.33875948e-02+0.00000000e+00j\n",
       "   1.86625259e-03-1.06828095e-06j  1.67846870e-05-2.20909388e-08j\n",
       "   1.07996943e-02+2.46263339e-03j  1.13519504e-03+2.37730134e-04j\n",
       "   2.67084639e-05+5.55691603e-06j  1.62813413e-01+0.00000000e+00j\n",
       "   2.85373181e-03-1.56281946e-06j  2.90087974e-05-3.21794483e-08j\n",
       "   1.91337278e-02-2.54915999e-02j  1.67313170e-03+1.06825918e-04j\n",
       "   3.90418983e-05+5.15205020e-06j -6.19141150e-04-7.60178512e-03j\n",
       "   2.90420769e-04+3.46321517e-05j  1.06067139e-05+2.73852504e-06j\n",
       "   3.93353985e-02+5.42789533e-03j  1.37073123e-03+2.62212931e-04j\n",
       "   2.96094337e-05+5.85904429e-06j  3.91115299e-03-6.51213428e-03j\n",
       "   3.27927759e-04+4.36596515e-05j  1.10694407e-05+2.85035710e-06j\n",
       "   1.73669181e-04-1.76768912e-03j  3.44659069e-05-8.47790432e-07j\n",
       "   1.57370157e-06+4.67973647e-07j]\n",
       " [ 7.04633486e-04-1.18419822e-03j -1.82409723e-04-2.09953438e-04j\n",
       "  -1.45741362e-05+1.16796276e-05j  1.86625259e-03+1.06828095e-06j\n",
       "   3.78614909e-04+0.00000000e+00j  2.18648595e-05-1.30197664e-08j\n",
       "   4.02443906e-04+8.57769247e-05j  1.02502705e-04+2.78932010e-05j\n",
       "   1.35326839e-05+2.99131347e-06j  2.85373181e-03+1.56281946e-06j\n",
       "   1.38096165e-03+0.00000000e+00j  3.36184892e-05-1.88806671e-08j\n",
       "   6.11999101e-04-1.15617590e-04j  1.77758040e-04-2.03503915e-04j\n",
       "   1.99443486e-05+1.50433005e-06j  4.61005997e-05-4.60951456e-05j\n",
       "  -1.96428789e-06-6.13253953e-05j  3.48214365e-06+5.06099516e-07j\n",
       "   6.38671324e-04+1.10481721e-04j  3.41999506e-04+5.27797031e-05j\n",
       "   1.63360271e-05+3.28267007e-06j  8.36408436e-05-3.70414015e-05j\n",
       "   3.60594055e-05-5.21791680e-05j  3.92855460e-06+6.13567002e-07j\n",
       "   5.42586646e-06-1.29928106e-05j  1.85116030e-06-1.45184950e-05j\n",
       "   4.17279664e-07+5.73806765e-09j]\n",
       " [ 5.33781042e-06-1.08630606e-05j  7.78331438e-06-1.36409760e-05j\n",
       "  -5.53788448e-06-3.20659071e-06j  1.67846870e-05+2.20909388e-08j\n",
       "   2.18648595e-05+1.30197664e-08j  3.09788672e-06+0.00000000e+00j\n",
       "   3.59196216e-06+7.74134327e-07j  4.86980599e-06+1.05060264e-06j\n",
       "  -9.52228796e-07+1.93098069e-06j  2.90087974e-05+3.21794483e-08j\n",
       "   3.36184892e-05+1.88806671e-08j  1.15160659e-05+0.00000000e+00j\n",
       "   5.56333508e-06-1.84989194e-06j  7.39949992e-06-1.33310874e-06j\n",
       "  -1.13317207e-06+7.24814367e-07j  3.30565245e-07-6.49546268e-07j\n",
       "   5.95515985e-07-5.15394285e-07j -6.03735023e-07-5.16395366e-07j\n",
       "   6.51501056e-06+1.08061879e-06j  7.68136366e-06+1.34467864e-06j\n",
       "   1.06060587e-06+2.13800702e-06j  7.94888578e-07-5.37424982e-07j\n",
       "   1.04232302e-06-4.07625123e-07j -2.84294991e-07-4.39635289e-07j\n",
       "   4.74760738e-08-1.68982863e-07j  7.02636579e-08-1.49473181e-07j\n",
       "  -2.41065125e-08-1.32728317e-07j]\n",
       " [-3.87402968e-03-6.91402859e-03j -1.01075277e-04+2.27295698e-04j\n",
       "  -1.22581672e-06+2.70911663e-06j  1.07996943e-02-2.46263339e-03j\n",
       "   4.02443906e-04-8.57769247e-05j  3.59196216e-06-7.74134327e-07j\n",
       "   2.77903999e-03+0.00000000e+00j  2.68102018e-04-1.50826144e-07j\n",
       "   6.25872307e-06-7.08311295e-09j  3.93353985e-02-5.42789533e-03j\n",
       "   6.38671324e-04-1.10481721e-04j  6.51501056e-06-1.08061879e-06j\n",
       "   4.29660854e-03-5.94353351e-03j  3.85637043e-04-4.67035954e-05j\n",
       "   8.97281058e-06-5.51722193e-07j -4.01975552e-04-1.64828678e-03j\n",
       "   6.86959318e-05-5.38371564e-06j  2.55187508e-06+1.27338350e-07j\n",
       "   9.66305315e-03+0.00000000e+00j  3.21418615e-04-1.78022924e-07j\n",
       "   6.87318984e-06-7.58304692e-09j  7.36230715e-04-1.46429239e-03j\n",
       "   7.75632152e-05-3.85654375e-06j  2.64818896e-06+1.46348228e-07j\n",
       "  -3.35191764e-05-3.97180150e-04j  7.97891509e-06-1.71092547e-06j\n",
       "   3.84743834e-07+3.34017855e-08j]\n",
       " [ 1.44155391e-04-7.81154574e-04j -3.73875019e-05-5.19103301e-05j\n",
       "  -1.13299459e-06+2.65487755e-06j  1.13519504e-03-2.37730134e-04j\n",
       "   1.02502705e-04-2.78932010e-05j  4.86980599e-06-1.05060264e-06j\n",
       "   2.68102018e-04+1.50826144e-07j  3.26881413e-05+0.00000000e+00j\n",
       "   3.34908210e-06-1.95230774e-09j  1.37073123e-03-2.62212931e-04j\n",
       "   3.41999506e-04-5.27797031e-05j  7.68136366e-06-1.34467864e-06j\n",
       "   3.85689646e-04-4.62692691e-05j  4.93856262e-05-4.97749912e-05j\n",
       "   4.81383077e-06-5.53880112e-07j  3.88126915e-05-8.78555032e-06j\n",
       "  -9.00051647e-07-1.31447072e-05j  8.91126726e-07-3.48872912e-08j\n",
       "   3.21418615e-04+1.78022924e-07j  9.03173971e-05+0.00000000e+00j\n",
       "   3.98088393e-06-2.27256923e-09j  4.79144748e-05-7.25186329e-06j\n",
       "   8.63162623e-06-1.16031743e-05j  9.95956373e-07-1.68658145e-08j\n",
       "   3.12587387e-06-2.63964163e-06j -1.81015205e-08-3.23024210e-06j\n",
       "   1.04841985e-07-1.39755439e-08j]\n",
       " [ 3.94708514e-06-1.84995066e-05j  1.49872710e-06-8.99527086e-06j\n",
       "  -1.96398922e-06+7.46116472e-07j  2.67084639e-05-5.55691603e-06j\n",
       "   1.35326839e-05-2.99131347e-06j -9.52228796e-07-1.93098069e-06j\n",
       "   6.25872307e-06+7.08311295e-09j  3.34908210e-06+1.95230774e-09j\n",
       "   5.15929013e-07+0.00000000e+00j  2.96094337e-05-5.85904429e-06j\n",
       "   1.63360271e-05-3.28267007e-06j  1.06060587e-06-2.13800702e-06j\n",
       "   8.97393281e-06-5.31435837e-07j  4.81445444e-06-5.48265500e-07j\n",
       "   7.53447509e-07-4.20572275e-07j  9.81523498e-07-5.01753177e-08j\n",
       "   5.16635997e-07-8.84645356e-08j -1.22925061e-07-6.84417618e-09j\n",
       "   6.87318984e-06+7.58304692e-09j  3.98088393e-06+2.27256923e-09j\n",
       "   9.97552294e-07+0.00000000e+00j  1.09011217e-06-3.11283778e-08j\n",
       "   6.24449062e-07-7.02894580e-08j -4.20436164e-08+5.39102983e-09j\n",
       "   7.87973155e-08-2.49697918e-08j  4.30654731e-08-2.80020521e-08j\n",
       "  -9.64950717e-09-2.93269571e-08j]\n",
       " [-1.87194065e-02-2.71426573e-02j -1.23166445e-03+9.78765739e-04j\n",
       "  -1.50311766e-05+1.18879894e-05j  1.62813413e-01+0.00000000e+00j\n",
       "   2.85373181e-03-1.56281946e-06j  2.90087974e-05-3.21794483e-08j\n",
       "   3.93353985e-02+5.42789533e-03j  1.37073123e-03+2.62212931e-04j\n",
       "   2.96094337e-05+5.85904429e-06j  4.33875948e-02+0.00000000e+00j\n",
       "   1.86625259e-03-1.06828095e-06j  1.67846870e-05-2.20909388e-08j\n",
       "   1.91337278e-02-2.54915999e-02j  1.67313170e-03+1.06825918e-04j\n",
       "   3.90418983e-05+5.15205020e-06j  3.91115299e-03-6.51213428e-03j\n",
       "   3.27927759e-04+4.36596515e-05j  1.10694407e-05+2.85035710e-06j\n",
       "   1.07996943e-02+2.46263339e-03j  1.13519504e-03+2.37730134e-04j\n",
       "   2.67084639e-05+5.55691603e-06j -6.19141150e-04-7.60178512e-03j\n",
       "   2.90420769e-04+3.46321517e-05j  1.06067139e-05+2.73852504e-06j\n",
       "   1.73669181e-04-1.76768912e-03j  3.44659069e-05-8.47790432e-07j\n",
       "   1.57370157e-06+4.67973647e-07j]\n",
       " [ 7.04633486e-04-1.18419822e-03j -1.82409723e-04-2.09953438e-04j\n",
       "  -1.45741362e-05+1.16796276e-05j  2.85373181e-03+1.56281946e-06j\n",
       "   1.38096165e-03+0.00000000e+00j  3.36184892e-05-1.88806671e-08j\n",
       "   6.38671324e-04+1.10481721e-04j  3.41999506e-04+5.27797031e-05j\n",
       "   1.63360271e-05+3.28267007e-06j  1.86625259e-03+1.06828095e-06j\n",
       "   3.78614909e-04+0.00000000e+00j  2.18648595e-05-1.30197664e-08j\n",
       "   6.11999101e-04-1.15617590e-04j  1.77758040e-04-2.03503915e-04j\n",
       "   1.99443486e-05+1.50433005e-06j  8.36408436e-05-3.70414015e-05j\n",
       "   3.60594055e-05-5.21791680e-05j  3.92855460e-06+6.13567002e-07j\n",
       "   4.02443906e-04+8.57769247e-05j  1.02502705e-04+2.78932010e-05j\n",
       "   1.35326839e-05+2.99131347e-06j  4.61005997e-05-4.60951456e-05j\n",
       "  -1.96428789e-06-6.13253953e-05j  3.48214365e-06+5.06099516e-07j\n",
       "   5.42586646e-06-1.29928106e-05j  1.85116030e-06-1.45184950e-05j\n",
       "   4.17279664e-07+5.73806765e-09j]\n",
       " [ 5.33781042e-06-1.08630606e-05j  7.78331438e-06-1.36409760e-05j\n",
       "  -5.53788448e-06-3.20659071e-06j  2.90087974e-05+3.21794483e-08j\n",
       "   3.36184892e-05+1.88806671e-08j  1.15160659e-05+0.00000000e+00j\n",
       "   6.51501056e-06+1.08061879e-06j  7.68136366e-06+1.34467864e-06j\n",
       "   1.06060587e-06+2.13800702e-06j  1.67846870e-05+2.20909388e-08j\n",
       "   2.18648595e-05+1.30197664e-08j  3.09788672e-06+0.00000000e+00j\n",
       "   5.56333508e-06-1.84989194e-06j  7.39949992e-06-1.33310874e-06j\n",
       "  -1.13317207e-06+7.24814367e-07j  7.94888578e-07-5.37424982e-07j\n",
       "   1.04232302e-06-4.07625123e-07j -2.84294991e-07-4.39635289e-07j\n",
       "   3.59196216e-06+7.74134327e-07j  4.86980599e-06+1.05060264e-06j\n",
       "  -9.52228796e-07+1.93098069e-06j  3.30565245e-07-6.49546268e-07j\n",
       "   5.95515985e-07-5.15394285e-07j -6.03735023e-07-5.16395366e-07j\n",
       "   4.74760738e-08-1.68982863e-07j  7.02636579e-08-1.49473181e-07j\n",
       "  -2.41065125e-08-1.32728317e-07j]\n",
       " [-3.25222155e-03+1.78391819e-02j -1.28619681e-04+5.39871638e-04j\n",
       "  -1.55389026e-06+6.53641567e-06j  1.91337278e-02+2.54915999e-02j\n",
       "   6.11999101e-04+1.15617590e-04j  5.56333508e-06+1.84989194e-06j\n",
       "   4.29660854e-03+5.94353351e-03j  3.85689646e-04+4.62692691e-05j\n",
       "   8.97393281e-06+5.31435837e-07j  1.91337278e-02+2.54915999e-02j\n",
       "   6.11999101e-04+1.15617590e-04j  5.56333508e-06+1.84989194e-06j\n",
       "  -4.07705517e-02+0.00000000e+00j  1.70058988e-04-1.19111911e-07j\n",
       "   8.20353487e-06-1.07425491e-08j -1.02327475e-02-2.35111393e-03j\n",
       "   1.89654864e-05-8.47364676e-06j  2.68737002e-06+1.52408823e-07j\n",
       "   4.29660854e-03+5.94353351e-03j  3.85689646e-04+4.62692691e-05j\n",
       "   8.97393281e-06+5.31435837e-07j -1.02327475e-02-2.35111393e-03j\n",
       "   1.89654864e-05-8.47364676e-06j  2.68737002e-06+1.52408823e-07j\n",
       "  -2.31307898e-03-1.03516028e-03j -7.23400813e-06-6.40975806e-06j\n",
       "   3.24250922e-07-4.53817705e-09j]\n",
       " [ 2.32962243e-04-8.49029354e-04j -3.39709497e-05+1.58022707e-04j\n",
       "  -1.43257674e-06+6.35719385e-06j  1.67313170e-03-1.06825918e-04j\n",
       "   1.77758040e-04+2.03503915e-04j  7.39949992e-06+1.33310874e-06j\n",
       "   3.85637043e-04+4.67035954e-05j  4.93856262e-05+4.97749912e-05j\n",
       "   4.81445444e-06+5.48265500e-07j  1.67313170e-03-1.06825918e-04j\n",
       "   1.77758040e-04+2.03503915e-04j  7.39949992e-06+1.33310874e-06j\n",
       "   1.70058988e-04+1.19111911e-07j -3.22922512e-04+0.00000000e+00j\n",
       "   2.34708651e-06-1.74844111e-09j -2.40953006e-05-1.30588512e-05j\n",
       "  -8.23301275e-05-1.87902843e-05j  3.31015141e-07-6.08281480e-08j\n",
       "   3.85637043e-04+4.67035954e-05j  4.93856262e-05+4.97749912e-05j\n",
       "   4.81445444e-06+5.48265500e-07j -2.40953006e-05-1.30588512e-05j\n",
       "  -8.23301275e-05-1.87902843e-05j  3.31015141e-07-6.08281480e-08j\n",
       "  -1.42493354e-05-7.69779753e-06j -1.90334923e-05-8.54563980e-06j\n",
       "  -7.17974219e-08-6.74388751e-08j]\n",
       " [ 6.07178069e-06-2.26731135e-05j  2.47432819e-06-9.69498719e-06j\n",
       "  -2.60093892e-06+2.93217593e-06j  3.90418983e-05-5.15205020e-06j\n",
       "   1.99443486e-05-1.50433005e-06j -1.13317207e-06-7.24814367e-07j\n",
       "   8.97281058e-06+5.51722193e-07j  4.81383077e-06+5.53880112e-07j\n",
       "   7.53447509e-07+4.20572275e-07j  3.90418983e-05-5.15205020e-06j\n",
       "   1.99443486e-05-1.50433005e-06j -1.13317207e-06-7.24814367e-07j\n",
       "   8.20353487e-06+1.07425491e-08j  2.34708651e-06+1.74844111e-09j\n",
       "  -2.23248137e-06+0.00000000e+00j  4.24561480e-07-8.41889582e-08j\n",
       "  -2.08500155e-07-1.33590686e-07j -8.55180884e-07-8.97391792e-09j\n",
       "   8.97281058e-06+5.51722193e-07j  4.81383077e-06+5.53880112e-07j\n",
       "   7.53447509e-07+4.20572275e-07j  4.24561480e-07-8.41889582e-08j\n",
       "  -2.08500155e-07-1.33590686e-07j -8.55180884e-07-8.97391792e-09j\n",
       "  -1.18180718e-07-8.48006244e-08j -1.61112173e-07-8.68999760e-08j\n",
       "  -1.73606325e-07-7.46767313e-08j]\n",
       " [ 2.38062547e-03+4.40488377e-03j  2.03760964e-05+8.38162036e-05j\n",
       "   2.51596636e-07+1.01171569e-06j -6.19141150e-04+7.60178512e-03j\n",
       "   4.61005997e-05+4.60951456e-05j  3.30565245e-07+6.49546268e-07j\n",
       "  -4.01975552e-04+1.64828678e-03j  3.88126915e-05+8.78555032e-06j\n",
       "   9.81523498e-07+5.01753177e-08j  3.91115299e-03+6.51213428e-03j\n",
       "   8.36408436e-05+3.70414015e-05j  7.94888578e-07+5.37424982e-07j\n",
       "  -1.02327475e-02+2.35111393e-03j -2.40953006e-05+1.30588512e-05j\n",
       "   4.24561480e-07+8.41889582e-08j -2.65201637e-03+0.00000000e+00j\n",
       "  -9.24389462e-06+3.85949155e-09j  1.86357504e-07-4.99117647e-10j\n",
       "   7.36230715e-04+1.46429239e-03j  4.79144748e-05+7.25186329e-06j\n",
       "   1.09011217e-06+3.11283778e-08j -2.41452121e-03+0.00000000e+00j\n",
       "  -7.33071466e-06+2.88581730e-09j  2.07729805e-07-3.72093182e-10j\n",
       "  -5.80488730e-04-1.21540412e-04j -3.32703327e-06-8.96978968e-07j\n",
       "   9.88541384e-09-9.35630310e-09j]\n",
       " [ 1.73667776e-05-1.64195119e-04j  1.92402680e-05+3.82810947e-05j\n",
       "   2.48592642e-07+9.73330139e-07j  2.90420769e-04-3.46321517e-05j\n",
       "  -1.96428789e-06+6.13253953e-05j  5.95515985e-07+5.15394285e-07j\n",
       "   6.86959318e-05+5.38371564e-06j -9.00051647e-07+1.31447072e-05j\n",
       "   5.16635997e-07+8.84645356e-08j  3.27927759e-04-4.36596515e-05j\n",
       "   3.60594055e-05+5.21791680e-05j  1.04232302e-06+4.07625123e-07j\n",
       "   1.89654864e-05+8.47364676e-06j -8.23301275e-05+1.87902843e-05j\n",
       "  -2.08500155e-07+1.33590686e-07j -9.24389462e-06-3.85949155e-09j\n",
       "  -2.14326234e-05+0.00000000e+00j -8.22280886e-08+1.34844525e-11j\n",
       "   7.75632152e-05+3.85654375e-06j  8.63162623e-06+1.16031743e-05j\n",
       "   6.24449062e-07+7.02894580e-08j -7.33071466e-06-2.88581730e-09j\n",
       "  -1.94435447e-05+0.00000000e+00j -5.96674047e-08+8.68457192e-12j\n",
       "  -3.76449143e-06-9.33031386e-07j -4.78008683e-06-9.97865970e-07j\n",
       "  -3.49990411e-08-9.27435966e-09j]\n",
       " [ 1.63155598e-07-6.81135456e-06j  1.59727318e-07-1.85733139e-06j\n",
       "   6.59199692e-08+7.01665688e-07j  1.06067139e-05-2.73852504e-06j\n",
       "   3.48214365e-06-5.06099516e-07j -6.03735023e-07+5.16395366e-07j\n",
       "   2.55187508e-06-1.27338350e-07j  8.91126726e-07+3.48872912e-08j\n",
       "  -1.22925061e-07+6.84417618e-09j  1.10694407e-05-2.85035710e-06j\n",
       "   3.92855460e-06-6.13567002e-07j -2.84294991e-07+4.39635289e-07j\n",
       "   2.68737002e-06-1.52408823e-07j  3.31015141e-07+6.08281480e-08j\n",
       "  -8.55180884e-07+8.97391792e-09j  1.86357504e-07+4.99117647e-10j\n",
       "  -8.22280886e-08-1.34844525e-11j -1.51913688e-07+0.00000000e+00j\n",
       "   2.64818896e-06-1.46348228e-07j  9.95956373e-07+1.68658145e-08j\n",
       "  -4.20436164e-08-5.39102983e-09j  2.07729805e-07+3.72093182e-10j\n",
       "  -5.96674047e-08-8.68457192e-12j -1.35333820e-07+0.00000000e+00j\n",
       "  -2.19740063e-08-1.05493729e-08j -4.11768312e-08-1.01063179e-08j\n",
       "  -4.31375490e-08-6.11134561e-09j]\n",
       " [-3.87402968e-03-6.91402859e-03j -1.01075277e-04+2.27295698e-04j\n",
       "  -1.22581672e-06+2.70911663e-06j  3.93353985e-02-5.42789533e-03j\n",
       "   6.38671324e-04-1.10481721e-04j  6.51501056e-06-1.08061879e-06j\n",
       "   9.66305315e-03+0.00000000e+00j  3.21418615e-04-1.78022924e-07j\n",
       "   6.87318984e-06-7.58304692e-09j  1.07996943e-02-2.46263339e-03j\n",
       "   4.02443906e-04-8.57769247e-05j  3.59196216e-06-7.74134327e-07j\n",
       "   4.29660854e-03-5.94353351e-03j  3.85637043e-04-4.67035954e-05j\n",
       "   8.97281058e-06-5.51722193e-07j  7.36230715e-04-1.46429239e-03j\n",
       "   7.75632152e-05-3.85654375e-06j  2.64818896e-06+1.46348228e-07j\n",
       "   2.77903999e-03+0.00000000e+00j  2.68102018e-04-1.50826144e-07j\n",
       "   6.25872307e-06-7.08311295e-09j -4.01975552e-04-1.64828678e-03j\n",
       "   6.86959318e-05-5.38371564e-06j  2.55187508e-06+1.27338350e-07j\n",
       "  -3.35191764e-05-3.97180150e-04j  7.97891509e-06-1.71092547e-06j\n",
       "   3.84743834e-07+3.34017855e-08j]\n",
       " [ 1.44155391e-04-7.81154574e-04j -3.73875019e-05-5.19103301e-05j\n",
       "  -1.13299459e-06+2.65487755e-06j  1.37073123e-03-2.62212931e-04j\n",
       "   3.41999506e-04-5.27797031e-05j  7.68136366e-06-1.34467864e-06j\n",
       "   3.21418615e-04+1.78022924e-07j  9.03173971e-05+0.00000000e+00j\n",
       "   3.98088393e-06-2.27256923e-09j  1.13519504e-03-2.37730134e-04j\n",
       "   1.02502705e-04-2.78932010e-05j  4.86980599e-06-1.05060264e-06j\n",
       "   3.85689646e-04-4.62692691e-05j  4.93856262e-05-4.97749912e-05j\n",
       "   4.81383077e-06-5.53880112e-07j  4.79144748e-05-7.25186329e-06j\n",
       "   8.63162623e-06-1.16031743e-05j  9.95956373e-07-1.68658145e-08j\n",
       "   2.68102018e-04+1.50826144e-07j  3.26881413e-05+0.00000000e+00j\n",
       "   3.34908210e-06-1.95230774e-09j  3.88126915e-05-8.78555032e-06j\n",
       "  -9.00051647e-07-1.31447072e-05j  8.91126726e-07-3.48872912e-08j\n",
       "   3.12587387e-06-2.63964163e-06j -1.81015205e-08-3.23024210e-06j\n",
       "   1.04841985e-07-1.39755439e-08j]\n",
       " [ 3.94708514e-06-1.84995066e-05j  1.49872710e-06-8.99527086e-06j\n",
       "  -1.96398922e-06+7.46116472e-07j  2.96094337e-05-5.85904429e-06j\n",
       "   1.63360271e-05-3.28267007e-06j  1.06060587e-06-2.13800702e-06j\n",
       "   6.87318984e-06+7.58304692e-09j  3.98088393e-06+2.27256923e-09j\n",
       "   9.97552294e-07+0.00000000e+00j  2.67084639e-05-5.55691603e-06j\n",
       "   1.35326839e-05-2.99131347e-06j -9.52228796e-07-1.93098069e-06j\n",
       "   8.97393281e-06-5.31435837e-07j  4.81445444e-06-5.48265500e-07j\n",
       "   7.53447509e-07-4.20572275e-07j  1.09011217e-06-3.11283778e-08j\n",
       "   6.24449062e-07-7.02894580e-08j -4.20436164e-08+5.39102983e-09j\n",
       "   6.25872307e-06+7.08311295e-09j  3.34908210e-06+1.95230774e-09j\n",
       "   5.15929013e-07+0.00000000e+00j  9.81523498e-07-5.01753177e-08j\n",
       "   5.16635997e-07-8.84645356e-08j -1.22925061e-07-6.84417618e-09j\n",
       "   7.87973155e-08-2.49697918e-08j  4.30654731e-08-2.80020521e-08j\n",
       "  -9.64950717e-09-2.93269571e-08j]\n",
       " [ 2.38062547e-03+4.40488377e-03j  2.03760964e-05+8.38162036e-05j\n",
       "   2.51596636e-07+1.01171569e-06j  3.91115299e-03+6.51213428e-03j\n",
